1003574
1004502
1028102
1030943
1034914
1050325
1052879
1063069
1063073
1072620
1086219
1089267
1101829
1105115
1136617
1136770
1138841
1139166
1149244
1156063
1163558
1164815
1169320
1180858
1183223
1183818
1192090
1192637
1202296
1220041
1243537
1254724
1279102
1301273
1317495
1327085
1335760
1337378
1344978
1347106
1354265
1355055
1356379
1356529
1369305
1377360
1377539
1403997
1408675
1421230
1435087
1436962
1451509
1454865
1463775
1474710
1480991
1509036
1531776
1532215
1553541
1556297
1568146
1607439
1609343
1610034
1628173
1648581
1670989
1703846
1707186
1708868
1725585
1756508
1781728
1789020
1791997
1795070
1816501
1819445
1836026
1896934
1897448
1906060
1942060
1943228
1951446
1953759
1961627
1980306
2029246
2063503
2064180
2085388
2098595
2140359
2145403
2151929
2167341
2213956
2240739
2241695
2246806
2271513
2280128
2294899
2326500
2327647
2329269
2342679
2367143
2368502
2373003
2378950
2386741
2402945
2407768
2429146
2431794
2518132
2526844
2544510
2547535
2607058
2674090
2722184
2734941
2745435
2749655
2813744
2814777
2815290
2834677
2835744
2841710
2845888
2846723
2849336
2936700
2941243
2944383
2989538
2990643
2993457